% Intrinsic and Extrinsic Camera Parameters
%
% This script file can be directly executed under Matlab to recover the camera intrinsic and extrinsic parameters.
% IMPORTANT: This file contains neither the structure of the calibration objects nor the image coordinates of the calibration points.
%            All those complementary variables are saved in the complete matlab data file Calib_Results.mat.
% For more information regarding the calibration model visit http://www.vision.caltech.edu/bouguetj/calib_doc/


%-- Focal length:
fc = [ 362.296750561682984 ; 363.534508951692260 ];

%-- Principal point:
cc = [ 258.730823232127648 ; 206.596930131373625 ];

%-- Skew coefficient:
alpha_c = 0.000000000000000;

%-- Distortion coefficients:
kc = [ 0.074070617105554 ; -0.168332158513143 ; -0.001675697480444 ; 0.001571194735903 ; 0.000000000000000 ];

%-- Focal length uncertainty:
fc_error = [ 1.888393679400917 ; 1.810617991534158 ];

%-- Principal point uncertainty:
cc_error = [ 2.628465786609930 ; 2.112798900296495 ];

%-- Skew coefficient uncertainty:
alpha_c_error = 0.000000000000000;

%-- Distortion coefficients uncertainty:
kc_error = [ 0.012922029303745 ; 0.026537416383358 ; 0.002057147444473 ; 0.002609142746346 ; 0.000000000000000 ];

%-- Image size:
nx = 512;
ny = 424;


%-- Various other variables (may be ignored if you do not use the Matlab Calibration Toolbox):
%-- Those variables are used to control which intrinsic parameters should be optimized

n_ima = 26;						% Number of calibration images
est_fc = [ 1 ; 1 ];					% Estimation indicator of the two focal variables
est_aspect_ratio = 1;				% Estimation indicator of the aspect ratio fc(2)/fc(1)
center_optim = 1;					% Estimation indicator of the principal point
est_alpha = 0;						% Estimation indicator of the skew coefficient
est_dist = [ 1 ; 1 ; 1 ; 1 ; 0 ];	% Estimation indicator of the distortion coefficients


%-- Extrinsic parameters:
%-- The rotation (omc_kk) and the translation (Tc_kk) vectors for every calibration image and their uncertainties

%-- Image #1:
omc_1 = [ -2.187414e+00 ; -2.203289e+00 ; -1.164195e-01 ];
Tc_1  = [ -1.088335e+02 ; -6.406633e+01 ; 3.874013e+02 ];
omc_error_1 = [ 9.830851e-03 ; 1.071581e-02 ; 2.147402e-02 ];
Tc_error_1  = [ 2.865136e+00 ; 2.322645e+00 ; 3.007616e+00 ];

%-- Image #2:
omc_2 = [ 1.828325e+00 ; 1.874707e+00 ; 7.147949e-01 ];
Tc_2  = [ -8.412269e+01 ; -4.698781e+01 ; 3.678490e+02 ];
omc_error_2 = [ 8.050903e-03 ; 7.083436e-03 ; 1.291191e-02 ];
Tc_error_2  = [ 2.742444e+00 ; 2.198398e+00 ; 2.936887e+00 ];

%-- Image #3:
omc_3 = [ -1.955610e+00 ; -2.188269e+00 ; -9.236388e-01 ];
Tc_3  = [ -5.616271e+01 ; -7.078081e+01 ; 2.395349e+02 ];
omc_error_3 = [ 4.887344e-03 ; 7.666992e-03 ; 1.205973e-02 ];
Tc_error_3  = [ 1.811536e+00 ; 1.469036e+00 ; 1.917097e+00 ];

%-- Image #4:
omc_4 = [ -1.645115e+00 ; -1.993649e+00 ; 1.693234e-01 ];
Tc_4  = [ -1.474092e+02 ; -1.049003e+02 ; 3.172341e+02 ];
omc_error_4 = [ 5.761704e-03 ; 6.595022e-03 ; 9.550908e-03 ];
Tc_error_4  = [ 2.325592e+00 ; 1.923113e+00 ; 2.063146e+00 ];

%-- Image #5:
omc_5 = [ -1.825013e+00 ; -1.753800e+00 ; -6.216220e-01 ];
Tc_5  = [ -1.654923e+02 ; -4.760162e+01 ; 2.334611e+02 ];
omc_error_5 = [ 5.297708e-03 ; 6.351559e-03 ; 9.874235e-03 ];
Tc_error_5  = [ 1.721178e+00 ; 1.525728e+00 ; 2.081299e+00 ];

%-- Image #6:
omc_6 = [ 1.828841e+00 ; 1.929345e+00 ; -6.067154e-01 ];
Tc_6  = [ -1.137349e+02 ; -7.214790e+01 ; 4.375163e+02 ];
omc_error_6 = [ 6.080067e-03 ; 7.797807e-03 ; 1.267661e-02 ];
Tc_error_6  = [ 3.165074e+00 ; 2.584210e+00 ; 2.410935e+00 ];

%-- Image #7:
omc_7 = [ -1.641065e+00 ; -2.457695e+00 ; 8.625726e-01 ];
Tc_7  = [ -5.432345e+01 ; -1.126798e+02 ; 4.369157e+02 ];
omc_error_7 = [ 7.216005e-03 ; 7.008549e-03 ; 1.333299e-02 ];
Tc_error_7  = [ 3.184733e+00 ; 2.551724e+00 ; 2.076315e+00 ];

%-- Image #8:
omc_8 = [ 1.873211e+00 ; 1.413139e+00 ; -1.306437e-01 ];
Tc_8  = [ -1.378556e+02 ; -5.687108e+01 ; 3.903962e+02 ];
omc_error_8 = [ 6.368722e-03 ; 7.045913e-03 ; 1.078686e-02 ];
Tc_error_8  = [ 2.854474e+00 ; 2.331722e+00 ; 2.716445e+00 ];

%-- Image #9:
omc_9 = [ -2.185529e+00 ; -2.235439e+00 ; -3.891171e-02 ];
Tc_9  = [ -9.411786e+01 ; -8.345630e+01 ; 3.887574e+02 ];
omc_error_9 = [ 9.948864e-03 ; 1.076877e-02 ; 2.201073e-02 ];
Tc_error_9  = [ 2.870494e+00 ; 2.312947e+00 ; 2.946113e+00 ];

%-- Image #10:
omc_10 = [ -1.609437e+00 ; -1.962304e+00 ; 5.849892e-01 ];
Tc_10  = [ -4.756587e+01 ; -1.125448e+02 ; 4.823601e+02 ];
omc_error_10 = [ 6.825259e-03 ; 8.006630e-03 ; 1.204888e-02 ];
Tc_error_10  = [ 3.531867e+00 ; 2.796873e+00 ; 2.441678e+00 ];

%-- Image #11:
omc_11 = [ 1.885929e+00 ; 1.789476e+00 ; 5.418267e-01 ];
Tc_11  = [ -6.939432e+01 ; -6.886939e+01 ; 3.588373e+02 ];
omc_error_11 = [ 7.422133e-03 ; 6.889205e-03 ; 1.252645e-02 ];
Tc_error_11  = [ 2.661991e+00 ; 2.115920e+00 ; 2.740921e+00 ];

%-- Image #12:
omc_12 = [ 2.113777e+00 ; 2.034135e+00 ; 8.431592e-01 ];
Tc_12  = [ -6.706352e+00 ; -4.978499e+01 ; 3.202438e+02 ];
omc_error_12 = [ 8.808498e-03 ; 5.949241e-03 ; 1.275160e-02 ];
Tc_error_12  = [ 2.380454e+00 ; 1.894278e+00 ; 2.521653e+00 ];

%-- Image #13:
omc_13 = [ -1.764380e+00 ; -1.801120e+00 ; -3.124836e-03 ];
Tc_13  = [ -1.419085e+02 ; -7.175978e+01 ; 3.611410e+02 ];
omc_error_13 = [ 5.858960e-03 ; 7.110547e-03 ; 1.016665e-02 ];
Tc_error_13  = [ 2.616307e+00 ; 2.168716e+00 ; 2.267310e+00 ];

%-- Image #14:
omc_14 = [ -1.895323e+00 ; -2.288600e+00 ; 7.331813e-01 ];
Tc_14  = [ -1.040401e+02 ; -9.676175e+01 ; 4.700340e+02 ];
omc_error_14 = [ 8.005664e-03 ; 7.405703e-03 ; 1.494827e-02 ];
Tc_error_14  = [ 3.412825e+00 ; 2.765243e+00 ; 2.433077e+00 ];

%-- Image #15:
omc_15 = [ 1.947502e+00 ; 1.867723e+00 ; -3.370766e-01 ];
Tc_15  = [ -1.150603e+02 ; -4.082573e+01 ; 4.044951e+02 ];
omc_error_15 = [ 7.402787e-03 ; 7.971964e-03 ; 1.440302e-02 ];
Tc_error_15  = [ 2.932736e+00 ; 2.391938e+00 ; 2.503181e+00 ];

%-- Image #16:
omc_16 = [ 1.780632e+00 ; 1.648314e+00 ; 2.467280e-01 ];
Tc_16  = [ -1.331772e+02 ; -9.540236e+01 ; 3.611462e+02 ];
omc_error_16 = [ 6.361334e-03 ; 7.585122e-03 ; 1.143206e-02 ];
Tc_error_16  = [ 2.701784e+00 ; 2.164297e+00 ; 2.677457e+00 ];

%-- Image #17:
omc_17 = [ 2.155696e+00 ; 1.771497e+00 ; 8.015675e-01 ];
Tc_17  = [ -1.700523e+02 ; -5.860636e+01 ; 2.711295e+02 ];
omc_error_17 = [ 7.905576e-03 ; 6.524755e-03 ; 1.458823e-02 ];
Tc_error_17  = [ 2.216547e+00 ; 1.776928e+00 ; 2.501855e+00 ];

%-- Image #18:
omc_18 = [ -1.536938e+00 ; -1.925223e+00 ; 2.981367e-01 ];
Tc_18  = [ -7.008249e+01 ; -1.235928e+02 ; 3.861707e+02 ];
omc_error_18 = [ 5.774026e-03 ; 7.446033e-03 ; 1.000211e-02 ];
Tc_error_18  = [ 2.832237e+00 ; 2.248670e+00 ; 2.098945e+00 ];

%-- Image #19:
omc_19 = [ 1.637403e+00 ; 2.300387e+00 ; -5.085076e-01 ];
Tc_19  = [ 1.815144e+01 ; -5.869910e+01 ; 4.534287e+02 ];
omc_error_19 = [ 8.061988e-03 ; 8.320892e-03 ; 1.914490e-02 ];
Tc_error_19  = [ 3.307065e+00 ; 2.669685e+00 ; 2.605678e+00 ];

%-- Image #20:
omc_20 = [ 1.983202e+00 ; 1.634838e+00 ; -1.398528e-01 ];
Tc_20  = [ -2.433454e+02 ; -2.804945e+01 ; 3.813099e+02 ];
omc_error_20 = [ 7.553095e-03 ; 9.719865e-03 ; 1.394545e-02 ];
Tc_error_20  = [ 2.824958e+00 ; 2.483440e+00 ; 3.112833e+00 ];

%-- Image #21:
omc_21 = [ -2.099230e+00 ; -2.135593e+00 ; -4.526359e-01 ];
Tc_21  = [ -1.281630e+02 ; -8.289364e+01 ; 2.354843e+02 ];
omc_error_21 = [ 5.824396e-03 ; 6.407765e-03 ; 1.250391e-02 ];
Tc_error_21  = [ 1.812624e+00 ; 1.514081e+00 ; 1.912883e+00 ];

%-- Image #22:
omc_22 = [ -1.625244e+00 ; -2.109616e+00 ; 6.083166e-01 ];
Tc_22  = [ -7.316965e+01 ; -9.760168e+01 ; 4.163438e+02 ];
omc_error_22 = [ 6.322179e-03 ; 7.450075e-03 ; 1.127960e-02 ];
Tc_error_22  = [ 3.013796e+00 ; 2.419370e+00 ; 2.072515e+00 ];

%-- Image #23:
omc_23 = [ -1.870352e+00 ; -2.029455e+00 ; 4.154070e-01 ];
Tc_23  = [ -1.427246e+02 ; -8.340516e+01 ; 3.429323e+02 ];
omc_error_23 = [ 6.383455e-03 ; 6.218378e-03 ; 1.065991e-02 ];
Tc_error_23  = [ 2.485104e+00 ; 2.048015e+00 ; 2.022201e+00 ];

%-- Image #24:
